,,,Netherlands,2020-04-22T23:30:32,c1,c2,35032.0,4068.0,101.0