,,,Italy,2020-04-21T23:30:30,c1,c2,183957.0,24648.0,51600.0