,Belgium,2020-03-05T13:53:03,50.0,0.0,1.0